0 0.137767 0.374790 0.095012 0.067227
0 0.907363 0.302521 0.095012 0.067227
0 0.764846 0.267227 0.095012 0.067227
0 0.876485 0.593277 0.095012 0.067227
0 0.878860 0.726050 0.095012 0.067227
0 0.653207 0.653782 0.095012 0.067227
0 0.326010 0.578992 0.112827 0.072269
0 0.179335 0.529412 0.095012 0.067227
0 0.380048 0.411765 0.095012 0.067227
0 0.248219 0.373109 0.095012 0.067227
2 0.514846 0.551261 0.146081 0.073950
2 0.788005 0.477311 0.167458 0.077311
1 0.271378 0.481513 0.119952 0.089076
1 0.763064 0.624370 0.119952 0.089076
1 0.807007 0.357143 0.117577 0.082353
