0 0.106987 0.103960 0.158661 0.108911
0 0.834061 0.771040 0.160116 0.111386
0 0.654294 0.773515 0.164483 0.111386
0 0.287482 0.771040 0.164483 0.111386
0 0.079330 0.773515 0.155750 0.111386
0 0.287482 0.103960 0.164483 0.108911
1 0.155750 0.470297 0.125182 0.089109
1 0.743814 0.448020 0.125182 0.089109
2 0.465066 0.457921 0.170306 0.198020
3 0.117176 0.289604 0.048035 0.292079
3 0.230713 0.297030 0.117904 0.282178
3 0.100437 0.616337 0.066958 0.207921
3 0.239447 0.617574 0.114993 0.210396
3 0.300582 0.471535 0.167394 0.051980
3 0.616448 0.466584 0.132460 0.056931
3 0.692140 0.608911 0.062591 0.227723
3 0.800582 0.605198 0.066958 0.230198
