1 0.407407 0.437143 0.249158 0.222857
1 0.457912 0.842857 0.249158 0.222857
1 0.146465 0.842857 0.252525 0.222857
1 0.792929 0.431429 0.252525 0.234286
0 0.146465 0.140000 0.191919 0.200000
0 0.873737 0.134286 0.191919 0.200000
0 0.471380 0.140000 0.188552 0.200000
3 0.185185 0.588571 0.202020 0.297143
3 0.235690 0.285714 0.101010 0.160000
3 0.444444 0.637143 0.087542 0.188571
3 0.602694 0.448571 0.141414 0.120000
3 0.478114 0.274286 0.026936 0.102857
3 0.809764 0.274286 0.063973 0.125714
3 0.306397 0.848571 0.067340 0.165714
