0 0.098795 0.187037 0.130120 0.088889
0 0.704819 0.109259 0.130120 0.088889
0 0.880120 0.332407 0.133735 0.083333
0 0.878916 0.249074 0.131325 0.083333
0 0.883133 0.156481 0.130120 0.083333
0 0.881928 0.074074 0.132530 0.081481
0 0.883133 0.769444 0.154217 0.094444
0 0.869880 0.675926 0.130120 0.088889
0 0.562651 0.914815 0.142169 0.096296
0 0.415060 0.914815 0.138554 0.088889
0 0.103614 0.851852 0.137349 0.088889
0 0.106024 0.761111 0.130120 0.088889
0 0.107831 0.678704 0.131325 0.087037
0 0.109639 0.590741 0.130120 0.088889
0 0.101205 0.268519 0.130120 0.088889
2 0.487952 0.227778 0.127711 0.185185
2 0.704819 0.466667 0.127711 0.185185
2 0.486747 0.724074 0.127711 0.185185
1 0.269277 0.223148 0.128916 0.083333
1 0.703012 0.719444 0.128916 0.083333
1 0.705422 0.226852 0.128916 0.083333
1 0.272892 0.719444 0.128916 0.083333
