0 0.117676 0.326613 0.180664 0.142473
0 0.775879 0.282258 0.067383 0.145161
0 0.913086 0.891129 0.158203 0.126344
0 0.107422 0.919355 0.203125 0.129032
0 0.344727 0.139785 0.173828 0.129032
1 0.176758 0.567204 0.154297 0.155914
1 0.785645 0.573925 0.118164 0.158602
2 0.482422 0.551075 0.154297 0.338710
3 0.329590 0.556452 0.153320 0.123656
3 0.168457 0.444892 0.041992 0.137097
3 0.149902 0.759409 0.069336 0.239247
3 0.645020 0.561828 0.174805 0.118280
3 0.782227 0.426075 0.021484 0.185484
3 0.855469 0.743280 0.128906 0.206989
3 0.419434 0.330645 0.069336 0.284946
