0 0.313965 0.282258 0.161133 0.182796
0 0.932129 0.533602 0.135742 0.174731
0 0.741211 0.065860 0.064453 0.126344
0 0.117188 0.654570 0.171875 0.201613
2 0.490723 0.559140 0.147461 0.301075
1 0.199219 0.829301 0.156250 0.239247
1 0.779297 0.326613 0.117188 0.217742
3 0.175781 0.723118 0.039062 0.112903
3 0.345215 0.709677 0.147461 0.134409
3 0.404297 0.401882 0.091797 0.223118
3 0.204590 0.944892 0.026367 0.110215
3 0.647461 0.455645 0.164062 0.174731
3 0.761230 0.194892 0.032227 0.163978
3 0.859863 0.435484 0.139648 0.118280
