1 0.291183 0.255714 0.215777 0.088571
1 0.698376 0.525714 0.213457 0.085714
1 0.294664 0.775714 0.218097 0.111429
0 0.107889 0.481429 0.183295 0.094286
0 0.490719 0.951429 0.187935 0.085714
0 0.295824 0.951429 0.183295 0.085714
0 0.096288 0.951429 0.183295 0.091429
0 0.103248 0.568571 0.183295 0.097143
0 0.903712 0.295714 0.183295 0.094286
0 0.698376 0.301429 0.185615 0.094286
0 0.509281 0.295714 0.183295 0.094286
0 0.494200 0.041429 0.185615 0.077143
0 0.291183 0.047143 0.183295 0.088571
0 0.097448 0.041429 0.185615 0.077143
2 0.295824 0.527143 0.155452 0.185714
2 0.698376 0.764286 0.153132 0.185714
3 0.180974 0.148571 0.162413 0.148571
3 0.293503 0.150000 0.039443 0.145714
3 0.416473 0.150000 0.160093 0.151429
3 0.285383 0.365714 0.064965 0.142857
3 0.215777 0.500000 0.032483 0.062857
3 0.212297 0.558571 0.039443 0.071429
3 0.290023 0.668571 0.051044 0.114286
3 0.205336 0.868571 0.109049 0.120000
3 0.295824 0.861429 0.030162 0.105714
3 0.389791 0.864286 0.111369 0.122857
3 0.516241 0.758571 0.229698 0.077143
3 0.699536 0.621429 0.044084 0.122857
3 0.610209 0.408571 0.134571 0.154286
3 0.700696 0.414286 0.032483 0.142857
3 0.805104 0.407143 0.153132 0.145714
