0 0.097981 0.365546 0.096200 0.055462
0 0.811758 0.389916 0.096200 0.060504
0 0.657957 0.380672 0.114014 0.065546
0 0.869952 0.538655 0.098575 0.058824
0 0.761283 0.561345 0.095012 0.060504
0 0.625297 0.555462 0.100950 0.058824
0 0.266627 0.792437 0.096200 0.055462
0 0.119952 0.788235 0.097387 0.077311
0 0.327197 0.385714 0.096200 0.055462
0 0.116983 0.494958 0.096200 0.055462
1 0.225653 0.440336 0.121140 0.063866
1 0.212589 0.714286 0.121140 0.063866
1 0.725653 0.462185 0.121140 0.063866
2 0.217933 0.588235 0.165083 0.087395
2 0.474466 0.451261 0.143705 0.089076
