0 0.117676 0.327957 0.174805 0.129032
0 0.914551 0.892473 0.155273 0.112903
0 0.775879 0.280914 0.063477 0.120968
0 0.346680 0.138441 0.169922 0.120968
0 0.106934 0.916667 0.196289 0.118280
1 0.176758 0.576613 0.152344 0.153226
1 0.786133 0.571237 0.111328 0.147849
2 0.480469 0.549731 0.154297 0.325269
3 0.329590 0.543011 0.153320 0.161290
3 0.165527 0.444892 0.032227 0.137097
3 0.149414 0.758065 0.064453 0.247312
3 0.419434 0.329301 0.065430 0.282258
3 0.645020 0.549731 0.174805 0.126344
3 0.778809 0.419355 0.024414 0.177419
3 0.849121 0.739247 0.131836 0.215054
