1 0.210117 0.325893 0.184176 0.187500
1 0.274968 0.912946 0.186770 0.174107
1 0.784047 0.655134 0.185473 0.180804
1 0.675746 0.081473 0.186770 0.158482
2 0.453307 0.185268 0.120623 0.147321
2 0.508431 0.801339 0.121920 0.125000
2 0.738651 0.370536 0.138781 0.165179
0 0.040208 0.338170 0.077821 0.091518
0 0.070687 0.511161 0.084306 0.084821
0 0.125811 0.973214 0.072633 0.053571
0 0.394942 0.982143 0.084306 0.035714
0 0.690661 0.873884 0.079118 0.091518
0 0.808690 0.819196 0.107652 0.102679
0 0.923476 0.753348 0.106355 0.100446
0 0.950713 0.629464 0.098573 0.098214
0 0.937743 0.540179 0.119326 0.102679
0 0.887808 0.445312 0.105058 0.095982
0 0.861868 0.101562 0.079118 0.087054
0 0.819066 0.016741 0.097276 0.029018
