0 0.463520 0.126231 0.218714 0.251567
0 0.404687 0.928156 0.204421 0.142793
0 0.645089 0.161370 0.240153 0.284244
0 0.903856 0.597807 0.192289 0.260072
0 0.686389 0.774620 0.216055 0.264548
0 0.322254 0.410251 0.219046 0.270815
1 0.768323 0.376455 0.163537 0.316920
1 0.247632 0.763653 0.163537 0.316920
2 0.510138 0.580349 0.213229 0.291406
3 0.362307 0.665622 0.091075 0.137869
3 0.310454 0.893017 0.067143 0.112802
3 0.211318 0.940689 0.041715 0.118621
3 0.433439 0.470457 0.068473 0.105640
3 0.487286 0.332587 0.051188 0.241719
3 0.547449 0.372874 0.047864 0.161146
3 0.656806 0.444494 0.087087 0.139660
3 0.732923 0.582363 0.042546 0.161146
3 0.831976 0.506267 0.067808 0.116383
