1 0.106161 0.395765 0.152915 0.107492
1 0.868537 0.391694 0.207921 0.193811
0 0.217822 0.212541 0.112211 0.086319
0 0.951595 0.217427 0.083608 0.070033
0 0.861386 0.084691 0.096810 0.068404
0 0.682068 0.124593 0.090209 0.066775
0 0.908141 0.758958 0.097910 0.084691
0 0.836634 0.653909 0.097910 0.086319
0 0.715072 0.649023 0.081408 0.060261
0 0.610011 0.592834 0.150715 0.087948
0 0.450495 0.660423 0.137514 0.076547
0 0.452145 0.162866 0.169417 0.081433
0 0.283278 0.557818 0.095710 0.070033
0 0.161716 0.618893 0.083608 0.084691
0 0.061606 0.618893 0.110011 0.071661
0 0.062156 0.131922 0.091309 0.065147
2 0.447745 0.399023 0.173817 0.250814
3 0.046755 0.254072 0.023102 0.195440
3 0.142464 0.289088 0.080308 0.109121
3 0.069307 0.519544 0.022002 0.146580
3 0.132563 0.518730 0.023102 0.154723
3 0.273377 0.403094 0.188119 0.040717
3 0.354235 0.489414 0.079208 0.125407
3 0.450495 0.577362 0.027503 0.118893
3 0.448295 0.242671 0.020902 0.084691
3 0.534103 0.508958 0.086909 0.118893
3 0.652365 0.405537 0.237624 0.055375
3 0.750825 0.223941 0.113311 0.157980
3 0.864686 0.212541 0.033003 0.190554
3 0.931793 0.276059 0.050605 0.050489
3 0.762926 0.554560 0.100110 0.151466
3 0.873487 0.558632 0.035204 0.149837
3 0.919142 0.605863 0.034103 0.237785
