0 0.095012 0.384034 0.095012 0.055462
0 0.271378 0.804202 0.100950 0.055462
0 0.127672 0.804202 0.096200 0.068908
0 0.869359 0.521849 0.095012 0.055462
0 0.763064 0.548739 0.103325 0.055462
0 0.626485 0.549580 0.100950 0.060504
0 0.116390 0.511765 0.095012 0.055462
0 0.808789 0.376471 0.095012 0.053782
0 0.654988 0.371429 0.112827 0.060504
0 0.325416 0.389076 0.095012 0.055462
2 0.220903 0.599160 0.173397 0.075630
2 0.474466 0.451261 0.150831 0.075630
1 0.217933 0.724370 0.117577 0.053782
1 0.724466 0.451261 0.118765 0.058824
1 0.220309 0.451261 0.117577 0.055462
3 0.150238 0.485714 0.048694 0.026891
3 0.138361 0.427731 0.053444 0.042017
3 0.219121 0.518487 0.020190 0.089076
3 0.222090 0.666387 0.014252 0.065546
3 0.164489 0.766387 0.036817 0.036975
3 0.252375 0.763866 0.029691 0.031933
3 0.341449 0.453782 0.122328 0.033613
3 0.283848 0.418487 0.019002 0.026891
3 0.608076 0.450420 0.121140 0.030252
3 0.662708 0.500840 0.064133 0.053782
3 0.746437 0.498319 0.039192 0.052101
3 0.817696 0.485714 0.067696 0.036975
3 0.774941 0.412605 0.043943 0.028571
3 0.688242 0.410084 0.032067 0.030252
