0 0.143000 0.303000 0.226000 0.118000
0 0.854000 0.714000 0.224000 0.120000
0 0.852000 0.301000 0.224000 0.118000
0 0.156000 0.714000 0.224000 0.120000
0 0.141000 0.928000 0.086000 0.048000
1 0.153000 0.500000 0.210000 0.088000
1 0.852000 0.929000 0.108000 0.050000
1 0.853000 0.500000 0.210000 0.088000
2 0.502000 0.498000 0.284000 0.284000
3 0.145000 0.409000 0.046000 0.106000
3 0.147000 0.598000 0.050000 0.124000
3 0.308000 0.505000 0.112000 0.062000
3 0.694000 0.504000 0.112000 0.056000
3 0.863000 0.598000 0.042000 0.128000
3 0.854000 0.410000 0.040000 0.112000
