1 0.084694 0.291601 0.124490 0.082409
1 0.869388 0.442948 0.153061 0.074485
1 0.861735 0.900158 0.239796 0.088748
1 0.177041 0.910460 0.105102 0.074485
1 0.507143 0.509509 0.120408 0.083994
2 0.261735 0.500792 0.172449 0.123613
2 0.752041 0.244849 0.136735 0.172742
2 0.875000 0.674326 0.137755 0.172742
2 0.496939 0.910460 0.132653 0.103011
2 0.161735 0.658479 0.158163 0.118859
3 0.126531 0.429477 0.104082 0.199683
3 0.418367 0.159271 0.700000 0.185420
3 0.401020 0.511886 0.104082 0.095087
3 0.379082 0.622821 0.282653 0.142631
3 0.163776 0.796355 0.039796 0.166403
3 0.333673 0.920761 0.212245 0.060222
3 0.654592 0.922345 0.182653 0.069731
3 0.877551 0.811410 0.038776 0.114105
3 0.877551 0.531696 0.030612 0.118859
3 0.767857 0.398574 0.050000 0.147385
