0 0.077153 0.535836 0.125598 0.197952
0 0.922847 0.445392 0.111244 0.194539
0 0.543062 0.121160 0.110048 0.194539
0 0.465311 0.860068 0.110048 0.191126
2 0.314593 0.325939 0.141148 0.310580
1 0.120215 0.216724 0.211722 0.426621
1 0.882177 0.790102 0.209330 0.412969
1 0.500000 0.511945 0.210526 0.498294
2 0.694976 0.653584 0.138756 0.296928
3 0.096292 0.412969 0.032297 0.122867
3 0.230263 0.247440 0.039474 0.078498
3 0.397129 0.397611 0.038278 0.078498
3 0.477871 0.735495 0.027512 0.119454
3 0.611842 0.566553 0.044258 0.109215
3 0.528110 0.269625 0.025120 0.150171
3 0.781699 0.706485 0.041866 0.122867
3 0.907297 0.590444 0.027512 0.170648
