0 0.325910 0.278648 0.247964 0.239481
0 0.325744 0.277977 0.247964 0.239928
0 0.890228 0.893241 0.219545 0.212623
0 0.644507 0.892569 0.223700 0.214861
0 0.349344 0.894584 0.224032 0.210833
0 0.110105 0.891898 0.219877 0.216204
0 0.662789 0.282901 0.226026 0.223814
0 0.496593 0.111012 0.228353 0.221128
1 0.229267 0.574754 0.151737 0.213071
1 0.768822 0.579678 0.151571 0.213071
2 0.498172 0.581021 0.225195 0.304387
3 0.179824 0.744405 0.053183 0.137869
3 0.284860 0.747986 0.055842 0.130707
3 0.347017 0.543868 0.088416 0.127126
3 0.445405 0.414951 0.055177 0.141450
3 0.500249 0.320949 0.019943 0.243509
3 0.561077 0.423903 0.053847 0.145031
3 0.653482 0.546553 0.087087 0.118174
3 0.719628 0.743509 0.057171 0.139660
3 0.825328 0.742614 0.054512 0.127126
