0 0.119529 0.137143 0.185185 0.182857
0 0.843434 0.140000 0.191919 0.200000
0 0.521886 0.134286 0.188552 0.200000
1 0.200337 0.434286 0.252525 0.240000
1 0.843434 0.851429 0.252525 0.240000
1 0.531987 0.840000 0.249158 0.240000
1 0.585859 0.440000 0.249158 0.240000
3 0.190236 0.268571 0.057239 0.102857
3 0.395623 0.445714 0.138047 0.102857
3 0.560606 0.640000 0.097643 0.182857
3 0.693603 0.845714 0.067340 0.148571
3 0.813131 0.594286 0.205387 0.297143
3 0.762626 0.294286 0.104377 0.154286
3 0.520202 0.274286 0.023569 0.102857
