1 0.097488 0.505119 0.190191 0.375427
1 0.889354 0.508532 0.190191 0.375427
1 0.493421 0.508532 0.190191 0.375427
2 0.295455 0.488055 0.148325 0.307167
2 0.692584 0.482935 0.148325 0.310580
0 0.097488 0.107509 0.111244 0.174061
0 0.900718 0.872014 0.131579 0.174061
0 0.492225 0.872014 0.111244 0.174061
0 0.096292 0.872014 0.111244 0.174061
0 0.889354 0.097270 0.111244 0.174061
0 0.493421 0.104096 0.111244 0.174061
3 0.207536 0.477816 0.039474 0.088737
3 0.098684 0.254266 0.017943 0.146758
3 0.098684 0.738908 0.013158 0.105802
3 0.382775 0.479522 0.038278 0.085324
3 0.494617 0.735495 0.020335 0.112628
3 0.495813 0.254266 0.015550 0.153584
3 0.606459 0.477816 0.038278 0.088737
3 0.779904 0.482935 0.040670 0.064846
3 0.892344 0.742321 0.019139 0.112628
3 0.891148 0.252560 0.021531 0.150171
