0 0.095606 0.387395 0.096200 0.068908
0 0.627672 0.547059 0.096200 0.068908
0 0.764252 0.542857 0.093824 0.063866
0 0.870546 0.515126 0.092637 0.065546
0 0.808789 0.372269 0.099762 0.065546
0 0.656770 0.368908 0.111639 0.062185
0 0.323634 0.389076 0.096200 0.068908
0 0.273753 0.807563 0.096200 0.068908
0 0.128860 0.809244 0.096200 0.068908
0 0.114608 0.515126 0.096200 0.068908
1 0.225059 0.456303 0.124703 0.062185
1 0.725059 0.449580 0.124703 0.062185
1 0.216746 0.728571 0.124703 0.062185
2 0.472684 0.451261 0.140143 0.078992
2 0.224466 0.600840 0.161520 0.082353
