1 0.254215 0.202009 0.181582 0.104911
1 0.254215 0.816964 0.181582 0.102679
1 0.745785 0.816964 0.181582 0.102679
1 0.785992 0.212054 0.181582 0.102679
0 0.087549 0.233259 0.128405 0.078125
0 0.086252 0.138393 0.110246 0.080357
0 0.136835 0.037946 0.110246 0.071429
0 0.258106 0.037946 0.114137 0.071429
0 0.380674 0.043527 0.084306 0.078125
0 0.695850 0.065848 0.110246 0.069196
0 0.846304 0.063616 0.120623 0.073661
0 0.950065 0.125000 0.099870 0.075893
0 0.939689 0.220982 0.073930 0.075893
0 0.908560 0.705357 0.089494 0.066964
0 0.238003 0.964286 0.143969 0.071429
0 0.915045 0.890625 0.092088 0.080357
0 0.083658 0.922991 0.164721 0.078125
0 0.084955 0.822545 0.143969 0.078125
0 0.081712 0.686384 0.085603 0.078125
0 0.119326 0.353795 0.106355 0.078125
2 0.542802 0.203125 0.133593 0.125000
2 0.486381 0.816964 0.129702 0.156250
2 0.247730 0.494420 0.145266 0.171875
3 0.190661 0.112723 0.036316 0.095982
3 0.256161 0.111607 0.022049 0.084821
3 0.335279 0.112723 0.040208 0.087054
3 0.152399 0.164062 0.032425 0.033482
3 0.158236 0.236607 0.018158 0.026786
3 0.176394 0.291295 0.046693 0.082589
3 0.250324 0.332589 0.033722 0.165179
3 0.411803 0.208705 0.133593 0.046875
3 0.653048 0.214286 0.086900 0.053571
3 0.722438 0.133929 0.036316 0.071429
3 0.836576 0.131696 0.015564 0.071429
3 0.893645 0.159598 0.033722 0.037946
3 0.890402 0.217634 0.032425 0.033482
3 0.255512 0.676339 0.020752 0.200893
3 0.138781 0.746652 0.062257 0.064732
3 0.159533 0.814732 0.018158 0.022321
3 0.172503 0.888393 0.051881 0.049107
3 0.249676 0.898438 0.022049 0.064732
3 0.385214 0.820312 0.083009 0.046875
3 0.604410 0.820312 0.106355 0.042411
3 0.856680 0.752232 0.055772 0.053571
3 0.856031 0.868304 0.036316 0.035714
