1 0.203704 0.414286 0.252525 0.257143
1 0.836700 0.862857 0.252525 0.251429
1 0.525253 0.851429 0.249158 0.251429
1 0.589226 0.440000 0.249158 0.251429
0 0.124579 0.114286 0.188552 0.194286
0 0.858586 0.160000 0.188552 0.194286
0 0.531987 0.142857 0.188552 0.194286
3 0.196970 0.248571 0.057239 0.120000
3 0.395623 0.445714 0.138047 0.125714
3 0.526936 0.280000 0.030303 0.102857
3 0.769360 0.314286 0.104377 0.160000
3 0.811448 0.617143 0.202020 0.297143
3 0.558923 0.642857 0.094276 0.188571
3 0.685185 0.845714 0.070707 0.171429
