2 0.096067 0.238758 0.180030 0.160600
2 0.618759 0.724839 0.184569 0.156317
2 0.898638 0.511777 0.187595 0.162741
2 0.350983 0.517131 0.181543 0.160600
2 0.622542 0.234475 0.177005 0.156317
2 0.350983 0.236617 0.181543 0.160600
0 0.354766 0.672377 0.152799 0.077088
1 0.096067 0.516060 0.164902 0.089936
1 0.621029 0.930407 0.177005 0.122056
1 0.618759 0.520343 0.166415 0.089936
1 0.621029 0.051392 0.164902 0.089936
3 0.090772 0.394004 0.057489 0.158458
3 0.219365 0.533191 0.081694 0.055675
3 0.352496 0.615632 0.018154 0.044968
3 0.488654 0.528908 0.096823 0.059957
3 0.313162 0.092077 0.450832 0.149893
3 0.452345 0.132762 0.190620 0.081370
3 0.627080 0.129550 0.025719 0.079229
3 0.631619 0.387580 0.040847 0.171306
3 0.782148 0.443255 0.248109 0.077088
3 0.779879 0.601713 0.246596 0.081370
3 0.618003 0.605996 0.037821 0.085653
3 0.612708 0.841542 0.051437 0.081370
3 0.451589 0.399358 0.195159 0.173448
