0 0.060254 0.242188 0.082452 0.109375
0 0.810782 0.856771 0.082452 0.109375
0 0.939746 0.867188 0.082452 0.109375
0 0.628964 0.278646 0.082452 0.109375
0 0.901691 0.252604 0.082452 0.109375
0 0.182875 0.231771 0.082452 0.109375
2 0.485201 0.591146 0.188161 0.328125
1 0.150106 0.557292 0.215645 0.281250
1 0.820296 0.578125 0.215645 0.281250
3 0.084567 0.359375 0.054968 0.156250
3 0.181818 0.356771 0.016913 0.151042
3 0.326638 0.583333 0.150106 0.083333
3 0.561311 0.403646 0.082452 0.213542
3 0.646934 0.572917 0.152220 0.083333
3 0.836152 0.770833 0.023256 0.125000
3 0.919662 0.763021 0.042283 0.119792
3 0.902748 0.380208 0.021142 0.156250
