0 0.129053 0.197266 0.159533 0.097656
0 0.632296 0.969727 0.151751 0.060547
0 0.916342 0.478516 0.159533 0.097656
0 0.741245 0.419922 0.159533 0.097656
0 0.309339 0.253906 0.159533 0.105469
2 0.503243 0.457031 0.251621 0.222656
2 0.452010 0.775391 0.252918 0.222656
1 0.203632 0.349609 0.228275 0.160156
1 0.758755 0.888672 0.230869 0.160156
1 0.817121 0.575195 0.228275 0.162109
3 0.167315 0.272461 0.080415 0.083984
3 0.260052 0.306641 0.089494 0.042969
3 0.346952 0.403320 0.071336 0.048828
3 0.320363 0.569336 0.031128 0.345703
3 0.611543 0.835938 0.079118 0.066406
3 0.694553 0.940430 0.102464 0.056641
3 0.782750 0.963867 0.058366 0.072266
3 0.667315 0.520508 0.084306 0.060547
3 0.781453 0.499023 0.076524 0.083984
3 0.870947 0.535156 0.092088 0.046875
