2 0.095710 0.099398 0.178218 0.186747
2 0.856436 0.599398 0.267327 0.295181
2 0.237624 0.521084 0.217822 0.246988
2 0.521452 0.250000 0.316832 0.367470
1 0.239274 0.259036 0.201320 0.168675
1 0.858086 0.924699 0.250825 0.150602
1 0.237624 0.852410 0.250825 0.162651
1 0.856436 0.253012 0.148515 0.144578
3 0.219472 0.135542 0.069307 0.102410
3 0.117162 0.234940 0.056106 0.108434
3 0.353135 0.256024 0.033003 0.066265
3 0.239274 0.376506 0.023102 0.090361
3 0.239274 0.710843 0.029703 0.144578
3 0.734323 0.259036 0.102310 0.072289
3 0.858086 0.397590 0.026403 0.132530
3 0.856436 0.798193 0.036304 0.114458
