0 0.140000 0.069000 0.076000 0.050000
0 0.155000 0.282000 0.218000 0.112000
0 0.850000 0.687000 0.224000 0.134000
0 0.142000 0.695000 0.220000 0.114000
0 0.854000 0.281000 0.224000 0.122000
2 0.520000 0.066000 0.100000 0.100000
2 0.496000 0.499000 0.284000 0.282000
1 0.852000 0.069000 0.112000 0.046000
1 0.151000 0.500000 0.210000 0.080000
1 0.853000 0.502000 0.210000 0.080000
3 0.136000 0.399000 0.060000 0.126000
3 0.146000 0.588000 0.036000 0.108000
3 0.307000 0.502000 0.114000 0.032000
3 0.691000 0.498000 0.114000 0.040000
3 0.856000 0.588000 0.032000 0.112000
3 0.853000 0.402000 0.026000 0.128000
