0 0.083000 0.295259 0.142000 0.202586
0 0.912000 0.273707 0.168000 0.176724
0 0.167000 0.112069 0.170000 0.181034
0 0.280000 0.288793 0.156000 0.215517
0 0.711000 0.269397 0.174000 0.159483
1 0.193000 0.633621 0.242000 0.172414
1 0.781000 0.607759 0.254000 0.172414
2 0.474000 0.584052 0.156000 0.331897
3 0.124000 0.469828 0.080000 0.163793
3 0.169000 0.379310 0.026000 0.336207
3 0.214000 0.467672 0.076000 0.168103
3 0.355000 0.603448 0.090000 0.060345
3 0.603000 0.571121 0.102000 0.073276
3 0.756000 0.441810 0.096000 0.185345
3 0.851000 0.446121 0.082000 0.185345
