0 0.135742 0.147929 0.220703 0.177515
0 0.907227 0.147929 0.158203 0.189349
0 0.664062 0.144970 0.250000 0.183432
0 0.407227 0.393491 0.220703 0.195266
0 0.340820 0.150888 0.181641 0.183432
0 0.110352 0.405325 0.181641 0.183432
1 0.256836 0.642012 0.189453 0.195266
1 0.787109 0.639053 0.144531 0.201183
2 0.570312 0.633136 0.207031 0.639053
3 0.208008 0.511834 0.080078 0.076923
3 0.225586 0.393491 0.060547 0.337278
3 0.283203 0.396450 0.058594 0.343195
3 0.300781 0.508876 0.089844 0.082840
3 0.408203 0.639053 0.117188 0.082840
3 0.693359 0.627219 0.042969 0.094675
3 0.756836 0.387574 0.060547 0.337278
3 0.820312 0.378698 0.062500 0.343195
