0 0.205240 0.384091 0.148472 0.059091
0 0.563319 0.954545 0.244541 0.063636
0 0.320961 0.959091 0.222707 0.063636
0 0.146288 0.895455 0.266376 0.072727
0 0.724891 0.888636 0.253275 0.059091
0 0.873362 0.370455 0.218341 0.068182
0 0.724891 0.070455 0.131004 0.059091
0 0.539301 0.068182 0.135371 0.054545
0 0.377729 0.070455 0.135371 0.059091
1 0.198690 0.797727 0.205240 0.077273
1 0.548035 0.184091 0.187773 0.077273
1 0.668122 0.490909 0.157205 0.072727
1 0.421397 0.488636 0.196507 0.077273
1 0.421397 0.793182 0.205240 0.077273
1 0.644105 0.797727 0.205240 0.077273
