0 0.108462 0.425743 0.100000 0.099010
0 0.870000 0.175743 0.100000 0.094059
0 0.100000 0.175743 0.098462 0.094059
0 0.513077 0.425743 0.100000 0.099010
0 0.502308 0.811881 0.100000 0.099010
0 0.308462 0.856436 0.100000 0.099010
0 0.136154 0.799505 0.100000 0.099010
1 0.309231 0.650990 0.144615 0.148515
1 0.665385 0.178218 0.143077 0.148515
1 0.309231 0.175743 0.144615 0.148515
2 0.308462 0.424505 0.136923 0.131188
2 0.489231 0.175743 0.107692 0.158416
3 0.196154 0.178218 0.090769 0.039604
3 0.406923 0.169554 0.066154 0.047030
3 0.566154 0.167079 0.058462 0.047030
3 0.780769 0.176980 0.087692 0.051980
3 0.304615 0.304455 0.030769 0.118812
3 0.199231 0.429455 0.087692 0.032178
3 0.421538 0.426980 0.089231 0.047030
3 0.306923 0.535891 0.035385 0.096535
3 0.189231 0.699257 0.104615 0.111386
3 0.308462 0.768564 0.013846 0.096535
3 0.440769 0.704208 0.130769 0.126238
