0 0.116000 0.365000 0.228000 0.134000
0 0.886000 0.653000 0.228000 0.134000
0 0.200000 0.769000 0.228000 0.134000
0 0.813000 0.243000 0.226000 0.134000
2 0.496000 0.498000 0.280000 0.284000
1 0.160000 0.559000 0.224000 0.122000
1 0.844000 0.435000 0.224000 0.122000
0 0.224000 0.979000 0.088000 0.042000
2 0.592000 0.922000 0.108000 0.104000
1 0.922000 0.863000 0.128000 0.078000
3 0.135000 0.469000 0.058000 0.110000
3 0.309000 0.533000 0.114000 0.062000
3 0.687000 0.467000 0.114000 0.066000
3 0.832000 0.349000 0.056000 0.114000
3 0.870000 0.529000 0.064000 0.122000
3 0.164000 0.659000 0.056000 0.122000
