1 0.155022 0.474010 0.120815 0.091584
1 0.743086 0.451733 0.120815 0.091584
2 0.462154 0.460396 0.173217 0.198020
0 0.106259 0.105198 0.163028 0.111386
0 0.834061 0.771040 0.163028 0.111386
0 0.651383 0.771040 0.164483 0.111386
0 0.289665 0.773515 0.163028 0.111386
0 0.082242 0.771040 0.161572 0.111386
0 0.287482 0.105198 0.164483 0.111386
3 0.114265 0.292079 0.042213 0.282178
3 0.232169 0.295792 0.114993 0.279703
3 0.099709 0.616337 0.071325 0.212871
3 0.239447 0.620050 0.123726 0.215347
3 0.297671 0.471535 0.164483 0.081683
3 0.614993 0.466584 0.144105 0.071782
3 0.690684 0.606436 0.071325 0.237624
3 0.800582 0.605198 0.072780 0.230198
