1 0.138614 0.072289 0.250825 0.132530
1 0.755776 0.734940 0.198020 0.144578
1 0.755776 0.132530 0.250825 0.144578
1 0.138614 0.734940 0.151815 0.144578
2 0.138614 0.388554 0.270627 0.295181
2 0.468647 0.731928 0.310231 0.355422
2 0.897690 0.894578 0.178218 0.198795
2 0.757426 0.454819 0.214521 0.234940
3 0.141914 0.189759 0.026403 0.114458
3 0.136964 0.602410 0.029703 0.144578
3 0.262376 0.731928 0.108911 0.066265
3 0.645215 0.737952 0.036304 0.078313
3 0.760726 0.620482 0.029703 0.096386
3 0.780528 0.858434 0.062706 0.114458
3 0.882838 0.759036 0.056106 0.084337
3 0.760726 0.283133 0.029703 0.144578
