0 0.114433 0.249581 0.179381 0.087102
0 0.094845 0.455611 0.181443 0.087102
0 0.894845 0.552764 0.185567 0.090452
0 0.749485 0.051089 0.187629 0.092127
0 0.787629 0.695142 0.197938 0.090452
0 0.578351 0.719430 0.224742 0.088777
2 0.439175 0.504188 0.214433 0.123953
2 0.738144 0.365159 0.185567 0.120603
2 0.413402 0.201005 0.195876 0.120603
1 0.291753 0.360972 0.167010 0.095477
1 0.664948 0.546901 0.167010 0.095477
1 0.641237 0.203518 0.177320 0.102178
3 0.198969 0.300670 0.059794 0.038526
3 0.183505 0.414573 0.061856 0.031826
3 0.374227 0.434673 0.076289 0.072027
3 0.556701 0.517588 0.061856 0.046901
3 0.353608 0.281407 0.072165 0.090452
3 0.694845 0.126466 0.065979 0.075377
3 0.531959 0.188442 0.053608 0.038526
3 0.694845 0.287270 0.070103 0.082077
3 0.701031 0.462312 0.061856 0.103853
3 0.778351 0.553601 0.063918 0.041876
3 0.730928 0.623953 0.063918 0.072027
3 0.626804 0.636516 0.065979 0.093802
