1 0.294664 0.258571 0.218097 0.094286
1 0.294664 0.762857 0.218097 0.091429
1 0.699536 0.525714 0.215777 0.091429
0 0.107889 0.481429 0.187935 0.082857
0 0.103248 0.574286 0.187935 0.085714
0 0.095128 0.954286 0.185615 0.085714
0 0.291183 0.952857 0.187935 0.082857
0 0.490719 0.952857 0.187935 0.082857
0 0.903712 0.298571 0.187935 0.082857
0 0.697216 0.298571 0.187935 0.082857
0 0.506961 0.298571 0.187935 0.082857
0 0.490719 0.044286 0.187935 0.082857
0 0.291183 0.044286 0.187935 0.082857
0 0.096288 0.044286 0.187935 0.082857
2 0.295824 0.522857 0.150812 0.188571
2 0.699536 0.771429 0.150812 0.188571
3 0.179814 0.147143 0.164733 0.140000
3 0.299304 0.148571 0.041763 0.142857
3 0.411833 0.147143 0.169374 0.140000
3 0.290023 0.365714 0.074246 0.137143
3 0.212297 0.498571 0.030162 0.054286
3 0.214617 0.552857 0.039443 0.048571
3 0.292343 0.667143 0.060325 0.117143
3 0.206497 0.871429 0.106729 0.125714
3 0.300464 0.860000 0.034803 0.108571
3 0.397912 0.864286 0.122970 0.122857
3 0.516241 0.758571 0.229698 0.082857
3 0.698376 0.621429 0.055684 0.117143
3 0.605568 0.411429 0.139211 0.154286
3 0.705336 0.414286 0.023202 0.154286
3 0.805104 0.411429 0.157773 0.154286
