2 0.162245 0.333597 0.157143 0.115689
2 0.754082 0.757528 0.130612 0.171157
2 0.877041 0.330428 0.137755 0.179081
2 0.264286 0.492868 0.169388 0.123613
2 0.502041 0.085578 0.130612 0.101426
1 0.081633 0.700475 0.122449 0.088748
1 0.862245 0.099842 0.238776 0.085578
1 0.177041 0.085578 0.105102 0.072900
1 0.869388 0.559429 0.153061 0.079239
1 0.507653 0.486529 0.123469 0.088748
3 0.333673 0.082409 0.214286 0.050713
3 0.157653 0.196513 0.027551 0.177496
3 0.376020 0.382726 0.278571 0.131537
3 0.398980 0.495246 0.106122 0.058637
3 0.128571 0.572108 0.106122 0.187005
3 0.414286 0.835975 0.689796 0.201268
3 0.769898 0.605388 0.054082 0.129952
3 0.876531 0.469097 0.030612 0.129952
3 0.875510 0.192552 0.022449 0.118859
3 0.653571 0.087956 0.180612 0.045959
