1 0.255459 0.450495 0.123726 0.099010
1 0.841339 0.470297 0.122271 0.099010
2 0.534207 0.461634 0.174672 0.200495
0 0.706696 0.106436 0.164483 0.113861
0 0.162300 0.769802 0.164483 0.113861
0 0.347162 0.768564 0.164483 0.111386
0 0.706696 0.772277 0.164483 0.113861
0 0.916303 0.769802 0.164483 0.113861
0 0.890102 0.101485 0.164483 0.113861
3 0.197234 0.606436 0.056769 0.227723
3 0.307860 0.607673 0.071325 0.230198
3 0.384279 0.467822 0.142649 0.054455
3 0.700873 0.461634 0.173217 0.061881
3 0.770015 0.297030 0.122271 0.282178
3 0.887191 0.297030 0.042213 0.287129
3 0.761281 0.620050 0.116448 0.230198
3 0.898108 0.616337 0.072780 0.212871
