0 0.115060 0.223148 0.155422 0.105556
0 0.898795 0.813889 0.134940 0.098148
0 0.900602 0.724074 0.136145 0.092593
0 0.292771 0.887037 0.134940 0.100000
0 0.117470 0.923148 0.136145 0.090741
0 0.113855 0.839815 0.133735 0.090741
0 0.118675 0.747222 0.133735 0.098148
0 0.118072 0.662037 0.137349 0.098148
0 0.124699 0.323148 0.136145 0.083333
0 0.889157 0.405556 0.137349 0.096296
0 0.893373 0.319444 0.136145 0.101852
0 0.895181 0.232407 0.142169 0.105556
0 0.893373 0.143519 0.143373 0.101852
0 0.584337 0.081481 0.144578 0.100000
0 0.434940 0.081481 0.149398 0.107407
2 0.294578 0.525000 0.133735 0.187037
2 0.511446 0.763889 0.133735 0.187037
2 0.510241 0.269444 0.133735 0.187037
1 0.295783 0.773148 0.136145 0.094444
1 0.728916 0.776852 0.130120 0.087037
1 0.725904 0.278704 0.136145 0.094444
1 0.295181 0.279630 0.130120 0.092593
