1 0.193000 0.633621 0.250000 0.206897
1 0.780000 0.609914 0.264000 0.211207
0 0.078000 0.284483 0.148000 0.224138
0 0.713000 0.273707 0.182000 0.202586
0 0.279000 0.288793 0.162000 0.241379
0 0.910000 0.273707 0.172000 0.185345
0 0.166000 0.114224 0.176000 0.219828
2 0.471000 0.584052 0.154000 0.349138
3 0.126000 0.469828 0.076000 0.172414
3 0.165000 0.385776 0.042000 0.349138
3 0.221000 0.463362 0.066000 0.168103
3 0.357000 0.601293 0.090000 0.081897
3 0.593000 0.579741 0.106000 0.090517
3 0.756000 0.448276 0.112000 0.206897
3 0.852000 0.439655 0.084000 0.155172
