1 0.131341 0.234767 0.157609 0.096774
1 0.412138 0.530466 0.164855 0.107527
1 0.692935 0.232975 0.161232 0.107527
0 0.067029 0.387097 0.115942 0.143369
0 0.781703 0.078853 0.161232 0.143369
0 0.563406 0.749104 0.163043 0.186380
0 0.303442 0.704301 0.161232 0.182796
2 0.416667 0.232975 0.242754 0.186380
2 0.684783 0.532258 0.268116 0.268817
3 0.086957 0.301075 0.028986 0.043011
3 0.251812 0.207885 0.086957 0.078853
3 0.577899 0.211470 0.079710 0.086022
3 0.760870 0.168459 0.028986 0.050179
3 0.693841 0.345878 0.047101 0.125448
3 0.523551 0.510753 0.061594 0.075269
3 0.616848 0.645161 0.048913 0.057348
3 0.346920 0.603943 0.070652 0.046595
