0 0.114478 0.137143 0.188552 0.182857
0 0.848485 0.137143 0.188552 0.182857
0 0.521886 0.137143 0.188552 0.182857
1 0.200337 0.431429 0.252525 0.234286
1 0.843434 0.842857 0.252525 0.234286
1 0.531987 0.842857 0.249158 0.234286
1 0.582492 0.437143 0.249158 0.234286
3 0.193603 0.265714 0.084175 0.120000
3 0.395623 0.454286 0.144781 0.108571
3 0.569024 0.640000 0.114478 0.194286
3 0.695286 0.842857 0.070707 0.154286
3 0.523569 0.280000 0.030303 0.102857
3 0.765993 0.300000 0.111111 0.177143
3 0.813131 0.594286 0.205387 0.297143
