2 0.453614 0.278704 0.126506 0.183333
2 0.701807 0.454630 0.126506 0.183333
2 0.524699 0.761111 0.126506 0.181481
0 0.356627 0.120370 0.137349 0.096296
0 0.834940 0.198148 0.127711 0.096296
0 0.753614 0.810185 0.136145 0.094444
0 0.931928 0.784259 0.128916 0.098148
0 0.902410 0.610185 0.137349 0.094444
0 0.921687 0.701852 0.132530 0.096296
0 0.889157 0.529630 0.137349 0.096296
0 0.502410 0.068519 0.137349 0.096296
0 0.833133 0.100000 0.153012 0.107407
0 0.152410 0.941667 0.126506 0.098148
0 0.142169 0.855556 0.127711 0.096296
0 0.105422 0.542593 0.128916 0.096296
0 0.087349 0.455556 0.136145 0.096296
0 0.072892 0.375000 0.136145 0.094444
0 0.065663 0.288889 0.128916 0.092593
1 0.246386 0.357407 0.131325 0.118519
1 0.737349 0.692593 0.132530 0.118519
1 0.312651 0.847222 0.131325 0.120370
1 0.663855 0.210185 0.132530 0.120370
3 0.351807 0.333333 0.091566 0.062963
3 0.157229 0.324074 0.059036 0.137037
3 0.161446 0.367593 0.050602 0.064815
3 0.170482 0.406481 0.037349 0.061111
3 0.179518 0.454630 0.026506 0.161111
3 0.228916 0.849074 0.053012 0.064815
3 0.234337 0.897222 0.037349 0.064815
3 0.419277 0.816667 0.093976 0.062963
3 0.634940 0.744444 0.093976 0.059259
3 0.750602 0.752778 0.016867 0.046296
3 0.815663 0.616667 0.033735 0.137037
3 0.821687 0.659259 0.045783 0.062963
3 0.831325 0.703704 0.057831 0.081481
3 0.835542 0.739815 0.071084 0.157407
3 0.738554 0.600926 0.065060 0.116667
3 0.694578 0.310185 0.056627 0.120370
3 0.744578 0.162963 0.038554 0.074074
3 0.750602 0.205556 0.048193 0.059259
3 0.561446 0.257407 0.093976 0.070370
3 0.403614 0.176852 0.086747 0.042593
3 0.478313 0.154630 0.081928 0.083333
