0 0.095606 0.384034 0.096200 0.058824
0 0.870546 0.519328 0.097387 0.057143
0 0.761876 0.549580 0.098575 0.060504
0 0.626485 0.551261 0.096200 0.057143
0 0.271378 0.799160 0.096200 0.058824
0 0.128266 0.804202 0.097387 0.065546
0 0.808789 0.374790 0.099762 0.057143
0 0.653800 0.371429 0.115202 0.060504
0 0.326603 0.389076 0.097387 0.058824
0 0.115796 0.509244 0.096200 0.057143
1 0.220903 0.451261 0.118765 0.055462
1 0.217340 0.721849 0.116390 0.055462
1 0.726247 0.451261 0.117577 0.055462
2 0.220903 0.599160 0.168646 0.078992
2 0.473872 0.451261 0.147268 0.078992
3 0.139549 0.427731 0.051069 0.048739
3 0.145487 0.482353 0.055819 0.030252
3 0.221496 0.520168 0.034442 0.095798
3 0.221496 0.666387 0.029691 0.072269
3 0.160926 0.766387 0.036817 0.040336
3 0.250594 0.760504 0.030879 0.031933
3 0.342637 0.452101 0.127078 0.033613
3 0.283848 0.420168 0.030879 0.026891
3 0.609264 0.450420 0.128266 0.030252
3 0.685867 0.408403 0.032067 0.030252
3 0.773159 0.413445 0.040380 0.026891
3 0.662708 0.500000 0.064133 0.055462
3 0.744656 0.500000 0.042755 0.055462
3 0.816508 0.482353 0.070071 0.033613
