1 0.183750 0.095960 0.182500 0.181818
1 0.797500 0.436869 0.180000 0.247475
1 0.450000 0.585859 0.190000 0.202020
0 0.093750 0.217172 0.127500 0.171717
0 0.912500 0.295455 0.175000 0.186869
0 0.583750 0.898990 0.177500 0.202020
0 0.303750 0.707071 0.172500 0.232323
2 0.493750 0.247475 0.267500 0.232323
2 0.745000 0.739899 0.290000 0.308081
3 0.131250 0.136364 0.037500 0.050505
3 0.317500 0.133838 0.095000 0.126263
3 0.370000 0.623737 0.080000 0.045455
3 0.572500 0.626263 0.070000 0.121212
3 0.656250 0.825758 0.067500 0.075758
3 0.790000 0.527778 0.050000 0.156566
3 0.882500 0.381313 0.035000 0.045455
3 0.670000 0.330808 0.100000 0.095960
