0 0.103012 0.176852 0.131325 0.083333
0 0.707831 0.112037 0.131325 0.083333
0 0.883735 0.084259 0.131325 0.083333
0 0.884940 0.162037 0.131325 0.083333
0 0.880120 0.256481 0.131325 0.083333
0 0.880120 0.337963 0.131325 0.083333
0 0.878916 0.778704 0.153012 0.098148
0 0.870482 0.682407 0.131325 0.083333
0 0.557831 0.913889 0.142169 0.090741
0 0.412048 0.912037 0.139759 0.087037
0 0.102410 0.840741 0.137349 0.088889
0 0.104217 0.752778 0.131325 0.083333
0 0.106627 0.669444 0.131325 0.083333
0 0.110241 0.578704 0.131325 0.083333
0 0.099398 0.262037 0.131325 0.083333
1 0.271687 0.217593 0.126506 0.087037
1 0.701807 0.723148 0.126506 0.087037
1 0.271084 0.716667 0.125301 0.088889
1 0.705422 0.230556 0.126506 0.087037
2 0.488554 0.227778 0.128916 0.188889
2 0.705422 0.475926 0.128916 0.188889
2 0.486145 0.727778 0.128916 0.188889
