0 0.138672 0.150888 0.218750 0.183432
0 0.906250 0.144970 0.156250 0.183432
0 0.407227 0.405325 0.220703 0.183432
0 0.338867 0.144970 0.181641 0.183432
0 0.108398 0.405325 0.181641 0.183432
0 0.664062 0.150888 0.253906 0.183432
1 0.253906 0.633136 0.187500 0.189349
1 0.787109 0.639053 0.144531 0.189349
2 0.568359 0.636095 0.207031 0.621302
3 0.209961 0.514793 0.083984 0.094675
3 0.225586 0.393491 0.060547 0.349112
3 0.282227 0.393491 0.064453 0.337278
3 0.301758 0.514793 0.091797 0.094675
3 0.407227 0.650888 0.123047 0.082840
3 0.693359 0.650888 0.046875 0.082840
3 0.753906 0.390533 0.062500 0.343195
3 0.820312 0.369822 0.062500 0.349112
