0 0.093968 0.302857 0.183295 0.085714
0 0.904872 0.954286 0.185615 0.085714
0 0.707657 0.951429 0.185615 0.085714
0 0.508121 0.954286 0.185615 0.085714
0 0.893271 0.571429 0.185615 0.085714
0 0.893271 0.477143 0.185615 0.091429
0 0.900232 0.044286 0.185615 0.082857
0 0.703016 0.044286 0.185615 0.082857
0 0.503480 0.044286 0.185615 0.082857
0 0.489559 0.300000 0.185615 0.085714
0 0.296984 0.300000 0.185615 0.085714
2 0.299304 0.767143 0.148492 0.191429
2 0.705336 0.521429 0.153132 0.185714
1 0.704176 0.257143 0.220418 0.085714
1 0.705336 0.767143 0.222738 0.088571
1 0.298144 0.528571 0.220418 0.085714
