0 0.060254 0.242188 0.082452 0.109375
0 0.815011 0.867188 0.082452 0.109375
0 0.939746 0.867188 0.082452 0.109375
0 0.901691 0.247396 0.082452 0.109375
0 0.628964 0.278646 0.082452 0.109375
0 0.182875 0.231771 0.082452 0.109375
1 0.147992 0.559896 0.211416 0.265625
1 0.821353 0.575521 0.209302 0.265625
2 0.483087 0.588542 0.188161 0.333333
3 0.082452 0.356771 0.050740 0.140625
3 0.178647 0.356771 0.031712 0.140625
3 0.324524 0.570312 0.154334 0.098958
3 0.558140 0.408854 0.084567 0.203125
3 0.645877 0.572917 0.145877 0.093750
3 0.901691 0.380208 0.023256 0.145833
3 0.834038 0.768229 0.023256 0.119792
3 0.923890 0.765625 0.046512 0.114583
