0 0.093385 0.335938 0.160830 0.078125
0 0.891051 0.918945 0.160830 0.080078
0 0.706874 0.926758 0.160830 0.080078
0 0.906615 0.333008 0.160830 0.080078
0 0.723735 0.336914 0.160830 0.080078
0 0.276265 0.331055 0.160830 0.080078
1 0.190013 0.457031 0.226978 0.085938
1 0.812581 0.785156 0.226978 0.085938
1 0.817769 0.456055 0.226978 0.087891
2 0.498054 0.462891 0.256809 0.218750
2 0.498054 0.785156 0.256809 0.218750
3 0.142023 0.398438 0.086900 0.062500
3 0.238651 0.395508 0.085603 0.060547
3 0.335927 0.463867 0.080415 0.044922
3 0.332685 0.630859 0.081712 0.324219
3 0.663424 0.462891 0.086900 0.050781
3 0.767834 0.396484 0.083009 0.050781
3 0.863813 0.398438 0.083009 0.066406
3 0.662127 0.788086 0.079118 0.044922
3 0.759403 0.854492 0.099870 0.060547
3 0.850843 0.854492 0.077821 0.068359
