0 0.126154 0.173267 0.098462 0.099010
0 0.859231 0.795792 0.100000 0.096535
0 0.689231 0.860149 0.098462 0.096535
0 0.496154 0.813119 0.100000 0.096535
0 0.892308 0.424505 0.098462 0.096535
0 0.485385 0.423267 0.100000 0.099010
0 0.895385 0.174505 0.098462 0.096535
1 0.690000 0.647277 0.143077 0.141089
1 0.333077 0.173267 0.143077 0.138614
1 0.689231 0.173267 0.144615 0.138614
2 0.685385 0.424505 0.136923 0.136139
2 0.508462 0.175743 0.100000 0.158416
3 0.220769 0.176980 0.093846 0.042079
3 0.430000 0.172030 0.056923 0.056931
3 0.588462 0.172030 0.066154 0.047030
3 0.806154 0.175743 0.089231 0.054455
3 0.693846 0.305693 0.030769 0.126238
3 0.579231 0.420792 0.090769 0.054455
3 0.800769 0.426980 0.090769 0.051980
3 0.695385 0.535891 0.024615 0.096535
3 0.810769 0.699257 0.104615 0.111386
3 0.690000 0.767327 0.020000 0.099010
3 0.560000 0.709158 0.132308 0.126238
