1 0.298144 0.522857 0.215777 0.091429
1 0.701856 0.762857 0.215777 0.091429
1 0.701856 0.258571 0.215777 0.094286
2 0.298144 0.768571 0.150812 0.182857
2 0.703016 0.527143 0.153132 0.185714
0 0.095128 0.301429 0.185615 0.082857
0 0.502320 0.951429 0.187935 0.085714
0 0.706497 0.957143 0.187935 0.085714
0 0.901392 0.957143 0.187935 0.085714
0 0.889791 0.571429 0.187935 0.085714
0 0.889791 0.478571 0.187935 0.082857
0 0.488399 0.295714 0.187935 0.082857
0 0.298144 0.298571 0.187935 0.082857
0 0.902552 0.044286 0.185615 0.082857
0 0.701856 0.041429 0.187935 0.077143
0 0.502320 0.044286 0.187935 0.082857
3 0.201856 0.411429 0.148492 0.154286
3 0.294664 0.412857 0.037123 0.151429
3 0.390951 0.411429 0.141531 0.154286
3 0.306265 0.624286 0.041763 0.117143
3 0.482599 0.758571 0.232019 0.065714
3 0.605568 0.867143 0.116009 0.122857
3 0.706497 0.864286 0.039443 0.117143
3 0.792343 0.865714 0.113689 0.125714
3 0.715777 0.670000 0.053364 0.117143
3 0.786543 0.554286 0.032483 0.051429
3 0.785383 0.497143 0.030162 0.062857
3 0.712297 0.364286 0.051044 0.145714
3 0.590487 0.148571 0.160093 0.142857
3 0.704176 0.147143 0.025522 0.151429
3 0.816705 0.148571 0.153132 0.142857
