0 0.167019 0.450521 0.080338 0.109375
0 0.960888 0.575521 0.073996 0.119792
0 0.841438 0.653646 0.080338 0.109375
0 0.866808 0.033854 0.084567 0.057292
0 0.601480 0.200521 0.078224 0.109375
0 0.046512 0.515625 0.080338 0.114583
2 0.496829 0.591146 0.181818 0.328125
1 0.165962 0.778646 0.230444 0.390625
1 0.819239 0.369792 0.230444 0.385417
3 0.340381 0.682292 0.147992 0.135417
3 0.179704 0.562500 0.038055 0.145833
3 0.082452 0.630208 0.067653 0.125000
3 0.548626 0.369792 0.061311 0.250000
3 0.650106 0.497396 0.145877 0.140625
3 0.875264 0.130208 0.029598 0.145833
3 0.937632 0.489583 0.048626 0.114583
3 0.853066 0.544271 0.023256 0.130208
