1 0.142500 0.257576 0.185000 0.121212
1 0.461250 0.606061 0.182500 0.121212
1 0.778750 0.257576 0.182500 0.121212
0 0.070000 0.429293 0.130000 0.161616
0 0.876250 0.088384 0.177500 0.166667
0 0.631250 0.856061 0.177500 0.217172
0 0.340000 0.808081 0.180000 0.212121
2 0.463750 0.265152 0.272500 0.227273
2 0.770000 0.608586 0.305000 0.318182
3 0.096250 0.340909 0.037500 0.055556
3 0.282500 0.239899 0.100000 0.095960
3 0.391250 0.689394 0.087500 0.055556
3 0.588750 0.585859 0.072500 0.101010
3 0.692500 0.732323 0.055000 0.070707
3 0.780000 0.388889 0.055000 0.151515
3 0.645000 0.237374 0.100000 0.101010
3 0.856250 0.186869 0.032500 0.050505
