2 0.262245 0.495246 0.171429 0.115689
2 0.499490 0.083994 0.131633 0.101426
2 0.874490 0.328051 0.132653 0.171157
2 0.754082 0.752773 0.134694 0.171157
2 0.159184 0.339937 0.157143 0.112520
1 0.509184 0.487322 0.116327 0.083994
1 0.177041 0.087956 0.107143 0.064976
1 0.860204 0.095880 0.236735 0.083994
1 0.869388 0.557845 0.151020 0.069731
1 0.082653 0.704437 0.122449 0.083994
3 0.373469 0.385103 0.273469 0.123613
3 0.394898 0.493661 0.110204 0.049128
3 0.121429 0.575277 0.116327 0.183835
3 0.420918 0.837559 0.698980 0.185420
3 0.762755 0.607765 0.056122 0.128368
3 0.875510 0.469889 0.022449 0.128368
3 0.873980 0.188590 0.025510 0.114105
3 0.159694 0.201268 0.025510 0.174326
3 0.332653 0.087956 0.210204 0.052298
3 0.654592 0.086371 0.180612 0.042789
