1 0.257936 0.165175 0.166196 0.327663
1 0.763005 0.698075 0.166528 0.343330
0 0.695696 0.277977 0.205418 0.306177
0 0.631212 0.852507 0.234668 0.294987
0 0.448978 0.858774 0.210570 0.282453
0 0.319844 0.536929 0.214891 0.311101
0 0.907180 0.517010 0.185641 0.297225
0 0.436264 0.066920 0.176500 0.132945
3 0.328070 0.057744 0.067808 0.103850
3 0.368955 0.300358 0.087087 0.155774
3 0.434768 0.518800 0.065814 0.102059
3 0.476982 0.662041 0.035898 0.248881
3 0.541133 0.637869 0.043211 0.171889
3 0.653149 0.616383 0.086422 0.168308
3 0.734585 0.491047 0.035234 0.171889
3 0.831311 0.594002 0.067808 0.102059
