0 0.097488 0.100683 0.111244 0.167235
0 0.897727 0.872014 0.132775 0.174061
0 0.492225 0.872014 0.111244 0.167235
0 0.098086 0.872014 0.112440 0.167235
0 0.889354 0.100683 0.111244 0.167235
0 0.492225 0.100683 0.111244 0.167235
2 0.295455 0.488055 0.145933 0.313993
2 0.691388 0.491468 0.145933 0.313993
1 0.098086 0.505119 0.188995 0.382253
1 0.889952 0.505119 0.188995 0.382253
1 0.494019 0.505119 0.188995 0.382253
3 0.099282 0.738908 0.021531 0.112628
3 0.207536 0.482935 0.039474 0.092150
3 0.383373 0.482935 0.039474 0.078498
3 0.101077 0.257679 0.020335 0.153584
3 0.495215 0.252560 0.014354 0.156997
3 0.494019 0.735495 0.019139 0.119454
3 0.605263 0.481229 0.038278 0.088737
3 0.781100 0.486348 0.038278 0.078498
3 0.892344 0.261092 0.016746 0.174061
3 0.890550 0.738908 0.015550 0.112628
