1 0.108852 0.505119 0.188995 0.375427
1 0.900718 0.508532 0.188995 0.375427
1 0.503589 0.505119 0.188995 0.375427
0 0.108852 0.100683 0.112440 0.167235
0 0.899522 0.872014 0.112440 0.167235
0 0.501196 0.872014 0.112440 0.167235
0 0.097488 0.868601 0.132775 0.174061
0 0.899522 0.100683 0.112440 0.167235
0 0.504785 0.104096 0.112440 0.167235
2 0.306220 0.488055 0.145933 0.307167
2 0.700957 0.482935 0.145933 0.310580
3 0.106459 0.250853 0.026316 0.160410
3 0.108852 0.737201 0.019139 0.109215
3 0.218301 0.481229 0.037081 0.088737
3 0.391746 0.477816 0.039474 0.102389
3 0.502990 0.744027 0.025120 0.109215
3 0.505383 0.261092 0.022727 0.146758
3 0.614833 0.479522 0.038278 0.119454
3 0.789474 0.481229 0.038278 0.102389
3 0.901316 0.738908 0.020335 0.105802
3 0.901914 0.254266 0.023923 0.153584
