0 0.162776 0.206473 0.136187 0.109375
0 0.966278 0.506696 0.067445 0.080357
0 0.974060 0.600446 0.051881 0.089286
0 0.910506 0.708705 0.116732 0.100446
0 0.769131 0.794643 0.106355 0.093750
0 0.476654 0.975446 0.081712 0.049107
0 0.164073 0.964286 0.118029 0.071429
0 0.169909 0.849330 0.103761 0.100446
0 0.071984 0.553571 0.081712 0.084821
0 0.058366 0.425223 0.114137 0.104911
0 0.052529 0.324777 0.102464 0.104911
0 0.849546 0.070312 0.085603 0.087054
2 0.428016 0.203125 0.119326 0.151786
2 0.597276 0.748884 0.123217 0.127232
2 0.264591 0.639509 0.137484 0.158482
1 0.324903 0.912946 0.182879 0.174107
1 0.825551 0.606027 0.182879 0.194196
1 0.671855 0.078125 0.186770 0.151786
1 0.209468 0.332589 0.185473 0.191964
