0 0.094271 0.477778 0.153125 0.105556
0 0.223438 0.410417 0.153125 0.106944
0 0.392188 0.409028 0.153125 0.106944
0 0.694792 0.411806 0.175000 0.101389
0 0.891146 0.413194 0.153125 0.106944
0 0.481771 0.766667 0.153125 0.105556
0 0.094271 0.605556 0.153125 0.105556
0 0.891146 0.550694 0.153125 0.106944
1 0.269792 0.588889 0.135417 0.075000
1 0.696354 0.572222 0.136458 0.075000
2 0.483854 0.572917 0.155208 0.104167
3 0.186979 0.519444 0.042708 0.072222
3 0.184896 0.594444 0.038542 0.033333
3 0.244792 0.509028 0.020833 0.101389
3 0.313542 0.498611 0.035417 0.122222
3 0.372917 0.559722 0.075000 0.050000
3 0.592187 0.563194 0.069792 0.059722
3 0.485938 0.670139 0.021875 0.095833
3 0.667708 0.498611 0.025000 0.083333
3 0.785417 0.484028 0.091667 0.095833
3 0.789583 0.558333 0.056250 0.041667
